$MeshFormat
4.1 0 8
$EndMeshFormat
$Entities
7 7 2 0
1 2 -2 0 0 
2 2 2 0 0 
3 -2 2 0 0 
4 -2 -2 0 0 
5 -1.5 -2 0 0 
6 -2 -1.5 0 0 
7 -1.646446609406726 -1.646446609406726 0 0 
1 -1.646446609406726 -2 0 -1.5 -1.646446609406726 0 0 2 5 -7 
2 -2 -1.646446609406726 0 -1.646446609406726 -1.5 0 0 2 7 -6 
3 -2 -1.5 0 -2 2 0 0 2 6 -3 
4 -2 2 0 2 2 0 0 2 3 -2 
5 2 -2 0 2 2 0 0 2 2 -1 
6 -1.5 -2 0 2 -2 0 0 2 1 -5 
7 -1.646446609406726 -1.646446609406726 0 2 2 0 0 2 2 -7 
1 -2 -1.646446609406726 0 2 2 0 0 4 4 7 2 3 
2 -1.646446609406726 -2 0 2 2 0 0 4 7 -1 -6 -5 
$EndEntities
$Nodes
16 154 1 154
0 1 0 1
1
2 -2 0
0 2 0 1
2
2 2 0
0 3 0 1
3
-2 2 0
0 4 0 1
4
-2 -2 0
0 5 0 1
5
-1.5 -2 0
0 6 0 1
6
-2 -1.5 0
0 7 0 1
7
-1.646446609406726 -1.646446609406726 0
1 1 0 7
8
9
10
11
12
13
14
-1.502407636667264 -1.950991429801081 0
-1.509607359823878 -1.902454838863774 0
-1.521529832201036 -1.854857661151437 0
-1.538060233931711 -1.808658283365141 0
-1.55903936807252 -1.764301631125463 0
-1.58426519406984 -1.72221488315928 0
-1.613494773312728 -1.682803357925371 0
1 2 0 7
15
16
17
18
19
20
21
-1.682803358148153 -1.613494773129895 0
-1.722214883878767 -1.584265193589095 0
-1.764301631854108 -1.559039367683051 0
-1.808658284107003 -1.538060233624422 0
-1.854857661589905 -1.521529832068028 0
-1.902454839009053 -1.50960735979498 0
-1.950991429883977 -1.502407636659099 0
1 3 0 7
22
23
24
25
26
27
28
-2 -1.062499999999895 0
-2 -0.625000000000306 0
-2 -0.1875000000003715 0
-2 0.2499999999992197 0
-2 0.6874999999993987 0
-2 1.124999999999287 0
-2 1.562499999999526 0
1 4 0 7
29
30
31
32
33
34
35
-1.500000000000917 2 0
-1.000000000002208 2 0
-0.5000000000038545 2 0
-5.500488953202876e-12 2 0
0.4999999999958744 2 0
0.9999999999972498 2 0
1.499999999998625 2 0
1 5 0 7
36
37
38
39
40
41
42
2 1.500000000000917 0
2 1.000000000002208 0
2 0.5000000000038545 0
2 5.500488953202876e-12 0
2 -0.4999999999958744 0
2 -0.9999999999972498 0
2 -1.499999999998625 0
1 6 0 7
43
44
45
46
47
48
49
1.562499999999892 -2 0
1.125000000000409 -2 0
0.6875000000006461 -2 0
0.2500000000007803 -2 0
-0.1874999999993987 -2 0
-0.6249999999992872 -2 0
-1.062499999999526 -2 0
1 7 0 7
50
51
52
53
54
55
56
1.544194173824483 1.544194173824483 0
1.088388347649661 1.088388347649661 0
0.6325825214752792 0.6325825214752792 0
0.1767766953011884 0.1767766953011884 0
-0.2790291308761357 -0.2790291308761357 0
-0.7348349570530108 -0.7348349570530108 0
-1.190640783230366 -1.190640783230366 0
2 1 0 49
57
58
59
60
61
62
63
64
65
66
67
68
69
70
71
72
73
74
75
76
77
78
79
80
81
82
83
84
85
86
87
88
89
90
91
92
93
94
95
96
97
98
99
100
101
102
103
104
105
-0.9043291420539856 0.2309698831896516 0
-0.4521645710297431 1.115484941594825 0
-1.452164571026993 0.2404849415944356 0
-1.226082285514601 1.120242470797056 0
-1.356493713080495 -0.6535451752173848 0
-1.677309705018023 -0.6345612091002298 0
-0.3637762233763986 0.20387328924542 0
0.3181118883099587 1.101936644622243 0
-1.042995553627704 -0.6901959521719579 0
-1.113041142758405 1.560121235398528 0
-1.6130411427573 1.122621235398171 0
-1.556520571379109 1.561310617699027 0
-0.2260822855176218 1.557742470797413 0
-0.8391234282721718 1.117863706195941 0
-0.6695617141380132 1.55893185309797 0
-0.6782468565418643 0.6732274123922385 0
-1.178246856540489 0.2357274123920436 0
-1.339123428270797 0.6803637061957459 0
-1.008685142406331 0.6767955592939922 0
-1.726082285513496 0.2452424707968277 0
-1.669561714135398 0.6839318530975722 0
-1.564737138022508 -0.1970381337528971 0
-1.838654852509011 -0.6297806045502677 0
-1.782368569011254 -0.1922690668766343 0
-1.13041142756724 -0.2112876460138665 0
-1.516901709049259 -0.6440531921588073 0
-1.347574282794874 -0.2041628898833818 0
-1.582575998593749 -1.095802704420903 0
-1.789882272013538 -1.072084284447605 0
-1.685879685319582 -1.082791512113418 0
-1.894823141196494 -1.066094120604554 0
0.6590559441536042 1.550968322311121 0
-0.06702634135989216 1.108710793108534 0
0.2164868293179911 1.554355396554267 0
0.7032501179798096 1.095162496135951 0
1.101625058989044 1.547581248067802 0
-0.09349976403760507 0.1903249922733042 0
-0.02283216753321993 0.6529049669338314 0
0.3048751769710296 0.642743744204555 0
-0.6340526827151921 0.2174215862175358 0
-0.3505395120375421 0.6630661896630349 0
-0.7033858885020511 -0.243161331463269 0
-1.199744633354099 -0.6718705636946714 0
-0.9168986580346454 -0.2272244887385678 0
-0.8889152553403572 -0.7125154546124842 0
-0.4912075096890934 -0.2610952311697022 0
-1.382605218753235 -1.137230572880526 0
-1.285859306744504 -1.163005113871438 0
-1.482023132604104 -1.115454965688861 0
2 2 0 49
106
107
108
109
110
111
112
113
114
115
116
117
118
119
120
121
122
123
124
125
126
127
128
129
130
131
132
133
134
135
136
137
138
139
140
141
142
143
144
145
146
147
148
149
150
151
152
153
154
0.230969883036781 -0.904329141677557 0
0.2038732891689847 -0.3637762231881843 0
1.115484941518391 -0.4521645708360282 0
1.101936644584026 0.3181118884065453 0
0.2404849415187806 -1.452164570838778 0
1.1202424707594 -1.226082285418014 0
-0.653545175447465 -1.356493712521349 0
-0.6901959524505489 -1.042995553173853 0
-0.6345612091523872 -1.677309704851276 0
1.095162496116843 0.7032501180281029 0
1.550968322292013 0.6590559442043769 0
1.547581248058248 1.101625059014337 0
0.1903249922350866 -0.0934997639434979 0
0.6529049668765051 -0.0228321673908195 0
0.6427437441758921 0.3048751770422298 0
0.2174215861028828 -0.6340526824328706 0
0.6732274122775856 -0.6782468562567926 0
1.108710793051208 -0.06702634121474149 0
0.6630661895770454 -0.350539511823806 0
1.557742470759195 -0.2260822854152639 0
1.554355396525604 0.2164868293945565 0
1.117863706138895 -0.8391234281270212 0
1.5601212353797 -1.113041142707632 0
1.558931853069448 -0.6695617140614478 0
0.2357274122777808 -1.178246856258168 0
0.6803637061390901 -1.339123428128396 0
0.676795559208338 -1.008685142192594 0
0.2452424707597805 -1.726082285419389 0
1.122621235379904 -1.613041142709007 0
0.6839318530698681 -1.669561714064198 0
1.561310617689796 -1.556520571353816 0
-0.7125154547517798 -0.8889152551134321 0
-0.2431613316407821 -0.7033858881810188 0
-0.2610952312584588 -0.4912075095285772 0
-1.137230573260195 -1.382605218166567 0
-1.163005114032503 -1.28585930651965 0
-1.095802704689588 -1.582575997943245 0
-0.671870563949007 -1.199744632847601 0
-1.115454966010764 -1.482023131986532 0
-0.211287646205342 -1.130411427099453 0
-0.2272244889230621 -0.916898657640236 0
-0.6440531922999262 -1.516901708686313 0
-0.1970381338168033 -1.564737137845027 0
-0.2041628900110727 -1.34757428247224 0
-1.072084284488132 -1.789882271857525 0
-1.082791512250481 -1.685879684918875 0
-0.6297806045758372 -1.838654852425638 0
-1.066094120621492 -1.89482314111336 0
-0.192269066908101 -1.782368568922514 0
$EndNodes
$Elements
16 191 1 191
0 1 15 1
1 1 
0 2 15 1
2 2 
0 3 15 1
3 3 
0 4 15 1
4 4 
0 5 15 1
5 5 
0 6 15 1
6 6 
0 7 15 1
7 7 
1 1 1 8
8 5 8 
9 8 9 
10 9 10 
11 10 11 
12 11 12 
13 12 13 
14 13 14 
15 14 7 
1 2 1 8
16 7 15 
17 15 16 
18 16 17 
19 17 18 
20 18 19 
21 19 20 
22 20 21 
23 21 6 
1 3 1 8
24 6 22 
25 22 23 
26 23 24 
27 24 25 
28 25 26 
29 26 27 
30 27 28 
31 28 3 
1 4 1 8
32 3 29 
33 29 30 
34 30 31 
35 31 32 
36 32 33 
37 33 34 
38 34 35 
39 35 2 
1 5 1 8
40 2 36 
41 36 37 
42 37 38 
43 38 39 
44 39 40 
45 40 41 
46 41 42 
47 42 1 
1 6 1 8
48 1 43 
49 43 44 
50 44 45 
51 45 46 
52 46 47 
53 47 48 
54 48 49 
55 49 5 
1 7 1 8
56 2 50 
57 50 51 
58 51 52 
59 52 53 
60 53 54 
61 54 55 
62 55 56 
63 56 7 
2 1 3 64
64 3 29 68 28 
65 29 30 66 68 
66 68 66 60 67 
67 28 68 67 27 
68 30 31 71 66 
69 31 32 69 71 
70 71 69 58 70 
71 66 71 70 60 
72 60 70 75 74 
73 70 58 72 75 
74 75 72 57 73 
75 74 75 73 59 
76 27 67 77 26 
77 67 60 74 77 
78 77 74 59 76 
79 26 77 76 25 
80 25 76 80 24 
81 76 59 78 80 
82 80 78 62 79 
83 24 80 79 23 
84 59 73 83 78 
85 73 57 81 83 
86 83 81 61 82 
87 78 83 82 62 
88 62 82 86 85 
89 82 61 84 86 
90 86 84 18 19 
91 85 86 19 20 
92 23 79 87 22 
93 79 62 85 87 
94 87 85 20 21 
95 22 87 21 6 
96 32 33 90 69 
97 33 34 88 90 
98 90 88 64 89 
99 69 90 89 58 
100 34 35 92 88 
101 35 2 50 92 
102 92 50 51 91 
103 88 92 91 64 
104 64 91 95 94 
105 91 51 52 95 
106 95 52 53 93 
107 94 95 93 63 
108 58 89 97 72 
109 89 64 94 97 
110 97 94 63 96 
111 72 97 96 57 
112 57 96 100 81 
113 96 63 98 100 
114 100 98 65 99 
115 81 100 99 61 
116 63 93 102 98 
117 93 53 54 102 
118 102 54 55 101 
119 98 102 101 65 
120 65 101 104 103 
121 101 55 56 104 
122 104 56 7 15 
123 103 104 15 16 
124 61 99 105 84 
125 99 65 103 105 
126 105 103 16 17 
127 84 105 17 18 
2 2 3 64
128 2 50 117 36 
129 50 51 115 117 
130 117 115 109 116 
131 36 117 116 37 
132 51 52 120 115 
133 52 53 118 120 
134 120 118 107 119 
135 115 120 119 109 
136 109 119 124 123 
137 119 107 121 124 
138 124 121 106 122 
139 123 124 122 108 
140 37 116 126 38 
141 116 109 123 126 
142 126 123 108 125 
143 38 126 125 39 
144 39 125 129 40 
145 125 108 127 129 
146 129 127 111 128 
147 40 129 128 41 
148 108 122 132 127 
149 122 106 130 132 
150 132 130 110 131 
151 127 132 131 111 
152 111 131 135 134 
153 131 110 133 135 
154 135 133 46 45 
155 134 135 45 44 
156 41 128 136 42 
157 128 111 134 136 
158 136 134 44 43 
159 42 136 43 1 
160 53 54 139 118 
161 54 55 137 139 
162 139 137 113 138 
163 118 139 138 107 
164 55 56 141 137 
165 56 7 14 141 
166 141 14 13 140 
167 137 141 140 113 
168 113 140 144 143 
169 140 13 12 144 
170 144 12 11 142 
171 143 144 142 112 
172 107 138 146 121 
173 138 113 143 146 
174 146 143 112 145 
175 121 146 145 106 
176 106 145 149 130 
177 145 112 147 149 
178 149 147 114 148 
179 130 149 148 110 
180 112 142 151 147 
181 142 11 10 151 
182 151 10 9 150 
183 147 151 150 114 
184 114 150 153 152 
185 150 9 8 153 
186 153 8 5 49 
187 152 153 49 48 
188 110 148 154 133 
189 148 114 152 154 
190 154 152 48 47 
191 133 154 47 46 
$EndElements
