$MeshFormat
4.1 0 8
$EndMeshFormat
$Entities
4 4 1 0
1 1 1 0 0 
2 1 -1 0 0 
3 -1 -1 0 0 
4 -1 1 0 0 
1 -1 1 0 1 1 0 0 2 4 -1 
2 1 -1 0 1 1 0 0 2 1 -2 
3 -1 -1 0 1 -1 0 0 2 2 -3 
4 -1 -1 0 -1 1 0 0 2 3 -4 
1 -1 -1 0 1 1 0 0 4 1 2 3 4 
$EndEntities
$Nodes
9 289 1 289
0 1 0 1
1
1 1 0
0 2 0 1
2
1 -1 0
0 3 0 1
3
-1 -1 0
0 4 0 1
4
-1 1 0
1 1 0 15
5
6
7
8
9
10
11
12
13
14
15
16
17
18
19
-0.8750000000002213 1 0
-0.7500000000004167 1 0
-0.6250000000007869 1 0
-0.5000000000011573 1 0
-0.3750000000015561 1 0
-0.250000000001955 1 0
-0.1250000000023539 1 0
-2.752797989558076e-12 1 0
0.1249999999975913 1 0
0.2499999999979354 1 0
0.3749999999982796 1 0
0.4999999999986235 1 0
0.6249999999989677 1 0
0.7499999999993117 1 0
0.8749999999996558 1 0
1 2 0 15
20
21
22
23
24
25
26
27
28
29
30
31
32
33
34
1 0.8750000000002213 0
1 0.7500000000004167 0
1 0.6250000000007869 0
1 0.5000000000011573 0
1 0.3750000000015561 0
1 0.250000000001955 0
1 0.1250000000023539 0
1 2.752797989558076e-12 0
1 -0.1249999999975913 0
1 -0.2499999999979354 0
1 -0.3749999999982796 0
1 -0.4999999999986235 0
1 -0.6249999999989677 0
1 -0.7499999999993117 0
1 -0.8749999999996558 0
1 3 0 15
35
36
37
38
39
40
41
42
43
44
45
46
47
48
49
0.8750000000002213 -1 0
0.7500000000004167 -1 0
0.6250000000007869 -1 0
0.5000000000011573 -1 0
0.3750000000015561 -1 0
0.250000000001955 -1 0
0.1250000000023539 -1 0
2.752797989558076e-12 -1 0
-0.1249999999975913 -1 0
-0.2499999999979354 -1 0
-0.3749999999982796 -1 0
-0.4999999999986235 -1 0
-0.6249999999989677 -1 0
-0.7499999999993117 -1 0
-0.8749999999996558 -1 0
1 4 0 15
50
51
52
53
54
55
56
57
58
59
60
61
62
63
64
-1 -0.8750000000002213 0
-1 -0.7500000000004167 0
-1 -0.6250000000007869 0
-1 -0.5000000000011573 0
-1 -0.3750000000015561 0
-1 -0.250000000001955 0
-1 -0.1250000000023539 0
-1 -2.752797989558076e-12 0
-1 0.1249999999975913 0
-1 0.2499999999979354 0
-1 0.3749999999982796 0
-1 0.4999999999986235 0
-1 0.6249999999989677 0
-1 0.7499999999993117 0
-1 0.8749999999996558 0
2 1 0 225
65
66
67
68
69
70
71
72
73
74
75
76
77
78
79
80
81
82
83
84
85
86
87
88
89
90
91
92
93
94
95
96
97
98
99
100
101
102
103
104
105
106
107
108
109
110
111
112
113
114
115
116
117
118
119
120
121
122
123
124
125
126
127
128
129
130
131
132
133
134
135
136
137
138
139
140
141
142
143
144
145
146
147
148
149
150
151
152
153
154
155
156
157
158
159
160
161
162
163
164
165
166
167
168
169
170
171
172
173
174
175
176
177
178
179
180
181
182
183
184
185
186
187
188
189
190
191
192
193
194
195
196
197
198
199
200
201
202
203
204
205
206
207
208
209
210
211
212
213
214
215
216
217
218
219
220
221
222
223
224
225
226
227
228
229
230
231
232
233
234
235
236
237
238
239
240
241
242
243
244
245
246
247
248
249
250
251
252
253
254
255
256
257
258
259
260
261
262
263
264
265
266
267
268
269
270
271
272
273
274
275
276
277
278
279
280
281
282
283
284
285
286
287
288
289
0 0 0
-1.376398994779038e-12 0.5 0
-0.5 -1.376398994779038e-12 0
-0.5000000000005786 0.4999999999993118 0
1.376398994779038e-12 -0.5 0
-0.4999999999993118 -0.5000000000005786 0
0.5 1.376398994779038e-12 0
0.4999999999993118 0.5000000000005786 0
0.5000000000005786 -0.4999999999993118 0
-0.500000000000868 0.7499999999996558 0
-0.7500000000002893 0.4999999999989677 0
-0.7500000000003531 0.7499999999994839 0
-2.064598492168557e-12 0.75 0
-0.2500000000009776 0.4999999999996559 0
-0.2500000000014663 0.7499999999998279 0
-6.881994973895189e-13 0.25 0
-0.25 -6.881994973895189e-13 0
-0.5000000000002893 0.2499999999989677 0
-0.2500000000004888 0.2499999999994838 0
-0.75 -2.064598492168557e-12 0
-0.7500000000001447 0.2499999999984515 0
-0.4999999999996559 -0.2500000000009776 0
-0.7499999999996558 -0.500000000000868 0
-0.7499999999998279 -0.2500000000014663 0
6.881994973895189e-13 -0.25 0
-0.2499999999989677 -0.5000000000002893 0
-0.2499999999994838 -0.2500000000004888 0
2.064598492168557e-12 -0.75 0
-0.4999999999989677 -0.7500000000002893 0
-0.2499999999984516 -0.7500000000001447 0
-0.7499999999994839 -0.7500000000003531 0
0.4999999999989677 0.7500000000002893 0
0.2499999999989677 0.5000000000002893 0
0.2499999999984516 0.7500000000001447 0
0.7499999999996558 0.500000000000868 0
0.7499999999994839 0.7500000000003531 0
0.75 2.064598492168557e-12 0
0.4999999999996559 0.2500000000009776 0
0.7499999999998279 0.2500000000014662 0
0.25 6.881994973895189e-13 0
0.2499999999994839 0.2500000000004888 0
0.5000000000002893 -0.2499999999989677 0
0.2500000000009776 -0.4999999999996559 0
0.2500000000004888 -0.2499999999994838 0
0.7500000000002893 -0.4999999999989677 0
0.7500000000001447 -0.2499999999984516 0
0.500000000000868 -0.7499999999996558 0
0.7500000000003531 -0.7499999999994837 0
0.2500000000014663 -0.7499999999998279 0
-0.7500000000003848 0.874999999999742 0
-0.8750000000001765 0.7499999999993978 0
-0.875000000000199 0.8749999999996989 0
-0.5000000000010126 0.8749999999998279 0
-0.6250000000006105 0.7499999999995699 0
-0.6250000000006987 0.8749999999997849 0
-0.5000000000007233 0.6249999999994837 0
-0.625000000000434 0.4999999999991397 0
-0.7500000000003212 0.6249999999992257 0
-0.6250000000005222 0.6249999999993547 0
-0.8750000000001447 0.4999999999987956 0
-0.8750000000001606 0.6249999999990967 0
-0.2500000000017106 0.874999999999914 0
-0.3750000000011671 0.7499999999997419 0
-0.3750000000013616 0.874999999999871 0
-2.408698240863316e-12 0.875 0
-0.1250000000017654 0.749999999999914 0
-0.1250000000020597 0.874999999999957 0
-1.720498743473797e-12 0.625 0
-0.125000000001177 0.4999999999998279 0
-0.2500000000012219 0.6249999999997419 0
-0.1250000000014712 0.6249999999998709 0
-0.3750000000007781 0.4999999999994839 0
-0.3750000000009726 0.6249999999996128 0
-0.2500000000007332 0.3749999999995698 0
-0.375000000000389 0.2499999999992257 0
-0.500000000000434 0.3749999999991397 0
-0.3750000000005835 0.3749999999993547 0
-1.032299246084278e-12 0.375 0
-0.1250000000005885 0.2499999999997419 0
-0.1250000000008827 0.3749999999997849 0
-3.440997486947595e-13 0.125 0
-0.125 -3.440997486947595e-13 0
-0.2500000000002444 0.1249999999993978 0
-0.1250000000002942 0.1249999999996989 0
-0.375 -1.032299246084278e-12 0
-0.5000000000001447 0.1249999999987956 0
-0.3750000000001945 0.1249999999990967 0
-0.7500000000002169 0.3749999999987096 0
-0.8750000000000724 0.2499999999981935 0
-0.8750000000001086 0.3749999999984946 0
-0.6250000000002169 0.2499999999987096 0
-0.6250000000003254 0.3749999999989246 0
-0.625 -1.720498743473797e-12 0
-0.7500000000000724 0.1249999999981935 0
-0.6250000000001086 0.1249999999984946 0
-0.875 -2.408698240863316e-12 0
-0.8750000000000362 0.1249999999978924 0
-0.749999999999914 -0.1250000000017654 0
-0.874999999999914 -0.2500000000017106 0
-0.874999999999957 -0.1250000000020597 0
-0.4999999999998279 -0.125000000001177 0
-0.6249999999997419 -0.2500000000012219 0
-0.6249999999998709 -0.1250000000014712 0
-0.4999999999994839 -0.3750000000007781 0
-0.6249999999994837 -0.5000000000007233 0
-0.7499999999997419 -0.3750000000011671 0
-0.6249999999996128 -0.3750000000009726 0
-0.8749999999998279 -0.5000000000010126 0
-0.8749999999998709 -0.3750000000013616 0
-0.2499999999997419 -0.1250000000005885 0
-0.3749999999995698 -0.2500000000007332 0
-0.3749999999997849 -0.1250000000008827 0
3.440997486947595e-13 -0.125 0
-0.1249999999993978 -0.2500000000002444 0
-0.1249999999996989 -0.1250000000002942 0
1.032299246084278e-12 -0.375 0
-0.1249999999987956 -0.5000000000001447 0
-0.2499999999992257 -0.375000000000389 0
-0.1249999999990967 -0.3750000000001945 0
-0.3749999999991397 -0.500000000000434 0
-0.3749999999993548 -0.3750000000005835 0
-0.2499999999987096 -0.6250000000002169 0
-0.3749999999987096 -0.7500000000002169 0
-0.4999999999991397 -0.625000000000434 0
-0.3749999999989246 -0.6250000000003254 0
1.720498743473797e-12 -0.625 0
-0.1249999999981935 -0.7500000000000724 0
-0.1249999999984945 -0.6250000000001086 0
2.408698240863316e-12 -0.875 0
-0.2499999999981935 -0.8750000000000724 0
-0.1249999999978924 -0.8750000000000362 0
-0.4999999999987956 -0.8750000000001447 0
-0.3749999999984946 -0.8750000000001086 0
-0.7499999999995699 -0.6250000000006105 0
-0.874999999999742 -0.7500000000003848 0
-0.8749999999997849 -0.6250000000006987 0
-0.6249999999992257 -0.7500000000003212 0
-0.6249999999993547 -0.6250000000005222 0
-0.7499999999993978 -0.8750000000001765 0
-0.6249999999990967 -0.8750000000001606 0
-0.8749999999996989 -0.875000000000199 0
0.2499999999981935 0.8750000000000724 0
0.1249999999981935 0.7500000000000724 0
0.1249999999978924 0.8750000000000362 0
0.4999999999987956 0.8750000000001447 0
0.3749999999987096 0.7500000000002169 0
0.3749999999984946 0.8750000000001084 0
0.4999999999991397 0.625000000000434 0
0.3749999999991397 0.500000000000434 0
0.2499999999987096 0.6250000000002169 0
0.3749999999989246 0.6250000000003254 0
0.1249999999987957 0.5000000000001447 0
0.1249999999984946 0.6250000000001084 0
0.7499999999993978 0.8750000000001765 0
0.6249999999992257 0.7500000000003212 0
0.6249999999990968 0.8750000000001606 0
0.874999999999742 0.7500000000003848 0
0.8749999999996989 0.875000000000199 0
0.8749999999998279 0.5000000000010126 0
0.7499999999995699 0.6250000000006105 0
0.8749999999997849 0.6250000000006987 0
0.6249999999994837 0.5000000000007233 0
0.6249999999993547 0.6250000000005222 0
0.7499999999997419 0.3750000000011671 0
0.6249999999997419 0.2500000000012219 0
0.4999999999994839 0.3750000000007781 0
0.6249999999996128 0.3750000000009727 0
0.874999999999914 0.2500000000017106 0
0.8749999999998709 0.3750000000013616 0
0.875 2.408698240863316e-12 0
0.749999999999914 0.1250000000017654 0
0.8749999999999569 0.1250000000020597 0
0.625 1.720498743473797e-12 0
0.4999999999998279 0.125000000001177 0
0.6249999999998709 0.1250000000014712 0
0.2499999999992258 0.375000000000389 0
0.1249999999993978 0.2500000000002444 0
0.1249999999990967 0.3750000000001945 0
0.3749999999995699 0.2500000000007332 0
0.3749999999993548 0.3750000000005835 0
0.375 1.032299246084278e-12 0
0.2499999999997419 0.1250000000005885 0
0.3749999999997849 0.1250000000008827 0
0.125 3.440997486947595e-13 0
0.1249999999996989 0.1250000000002942 0
0.2500000000002444 -0.1249999999993978 0
0.1250000000005885 -0.2499999999997419 0
0.1250000000002942 -0.1249999999996989 0
0.5000000000001447 -0.1249999999987956 0
0.375000000000389 -0.2499999999992257 0
0.3750000000001945 -0.1249999999990967 0
0.500000000000434 -0.3749999999991397 0
0.3750000000007781 -0.4999999999994839 0
0.2500000000007332 -0.3749999999995698 0
0.3750000000005836 -0.3749999999993547 0
0.125000000001177 -0.4999999999998279 0
0.1250000000008827 -0.3749999999997848 0
0.7500000000000724 -0.1249999999981935 0
0.6250000000002169 -0.2499999999987096 0
0.6250000000001084 -0.1249999999984945 0
0.8750000000000724 -0.2499999999981935 0
0.8750000000000362 -0.1249999999978924 0
0.8750000000001447 -0.4999999999987956 0
0.7500000000002169 -0.3749999999987096 0
0.8750000000001084 -0.3749999999984946 0
0.625000000000434 -0.4999999999991397 0
0.6250000000003255 -0.3749999999989246 0
0.7500000000003212 -0.6249999999992257 0
0.6250000000006105 -0.7499999999995698 0
0.5000000000007233 -0.6249999999994837 0
0.6250000000005222 -0.6249999999993547 0
0.8750000000001765 -0.7499999999993977 0
0.8750000000001605 -0.6249999999990967 0
0.7500000000003848 -0.8749999999997419 0
0.8750000000001988 -0.8749999999996989 0
0.5000000000010126 -0.8749999999998279 0
0.6250000000006987 -0.8749999999997849 0
0.2500000000012219 -0.6249999999997419 0
0.1250000000017654 -0.749999999999914 0
0.1250000000014712 -0.6249999999998709 0
0.3750000000011671 -0.7499999999997419 0
0.3750000000009726 -0.6249999999996128 0
0.2500000000017106 -0.874999999999914 0
0.3750000000013617 -0.874999999999871 0
0.1250000000020597 -0.874999999999957 0
$EndNodes
$Elements
9 324 1 324
0 1 15 1
1 1 
0 2 15 1
2 2 
0 3 15 1
3 3 
0 4 15 1
4 4 
1 1 1 16
5 4 5 
6 5 6 
7 6 7 
8 7 8 
9 8 9 
10 9 10 
11 10 11 
12 11 12 
13 12 13 
14 13 14 
15 14 15 
16 15 16 
17 16 17 
18 17 18 
19 18 19 
20 19 1 
1 2 1 16
21 1 20 
22 20 21 
23 21 22 
24 22 23 
25 23 24 
26 24 25 
27 25 26 
28 26 27 
29 27 28 
30 28 29 
31 29 30 
32 30 31 
33 31 32 
34 32 33 
35 33 34 
36 34 2 
1 3 1 16
37 2 35 
38 35 36 
39 36 37 
40 37 38 
41 38 39 
42 39 40 
43 40 41 
44 41 42 
45 42 43 
46 43 44 
47 44 45 
48 45 46 
49 46 47 
50 47 48 
51 48 49 
52 49 3 
1 4 1 16
53 3 50 
54 50 51 
55 51 52 
56 52 53 
57 53 54 
58 54 55 
59 55 56 
60 56 57 
61 57 58 
62 58 59 
63 59 60 
64 60 61 
65 61 62 
66 62 63 
67 63 64 
68 64 4 
2 1 3 256
69 4 5 116 64 
70 5 6 114 116 
71 116 114 76 115 
72 64 116 115 63 
73 6 7 119 114 
74 7 8 117 119 
75 119 117 74 118 
76 114 119 118 76 
77 76 118 123 122 
78 118 74 120 123 
79 123 120 68 121 
80 122 123 121 75 
81 63 115 125 62 
82 115 76 122 125 
83 125 122 75 124 
84 62 125 124 61 
85 8 9 128 117 
86 9 10 126 128 
87 128 126 79 127 
88 117 128 127 74 
89 10 11 131 126 
90 11 12 129 131 
91 131 129 77 130 
92 126 131 130 79 
93 79 130 135 134 
94 130 77 132 135 
95 135 132 66 133 
96 134 135 133 78 
97 74 127 137 120 
98 127 79 134 137 
99 137 134 78 136 
100 120 137 136 68 
101 68 136 141 140 
102 136 78 138 141 
103 141 138 83 139 
104 140 141 139 82 
105 78 133 144 138 
106 133 66 142 144 
107 144 142 80 143 
108 138 144 143 83 
109 83 143 148 147 
110 143 80 145 148 
111 148 145 65 146 
112 147 148 146 81 
113 82 139 151 150 
114 139 83 147 151 
115 151 147 81 149 
116 150 151 149 67 
117 61 124 154 60 
118 124 75 152 154 
119 154 152 85 153 
120 60 154 153 59 
121 75 121 156 152 
122 121 68 140 156 
123 156 140 82 155 
124 152 156 155 85 
125 85 155 159 158 
126 155 82 150 159 
127 159 150 67 157 
128 158 159 157 84 
129 59 153 161 58 
130 153 85 158 161 
131 161 158 84 160 
132 58 161 160 57 
133 57 160 164 56 
134 160 84 162 164 
135 164 162 88 163 
136 56 164 163 55 
137 84 157 167 162 
138 157 67 165 167 
139 167 165 86 166 
140 162 167 166 88 
141 88 166 171 170 
142 166 86 168 171 
143 171 168 70 169 
144 170 171 169 87 
145 55 163 173 54 
146 163 88 170 173 
147 173 170 87 172 
148 54 173 172 53 
149 67 149 176 165 
150 149 81 174 176 
151 176 174 91 175 
152 165 176 175 86 
153 81 146 179 174 
154 146 65 177 179 
155 179 177 89 178 
156 174 179 178 91 
157 91 178 183 182 
158 178 89 180 183 
159 183 180 69 181 
160 182 183 181 90 
161 86 175 185 168 
162 175 91 182 185 
163 185 182 90 184 
164 168 185 184 70 
165 70 184 189 188 
166 184 90 186 189 
167 189 186 94 187 
168 188 189 187 93 
169 90 181 192 186 
170 181 69 190 192 
171 192 190 92 191 
172 186 192 191 94 
173 94 191 195 194 
174 191 92 193 195 
175 195 193 42 43 
176 194 195 43 44 
177 93 187 197 196 
178 187 94 194 197 
179 197 194 44 45 
180 196 197 45 46 
181 53 172 200 52 
182 172 87 198 200 
183 200 198 95 199 
184 52 200 199 51 
185 87 169 202 198 
186 169 70 188 202 
187 202 188 93 201 
188 198 202 201 95 
189 95 201 204 203 
190 201 93 196 204 
191 204 196 46 47 
192 203 204 47 48 
193 51 199 205 50 
194 199 95 203 205 
195 205 203 48 49 
196 50 205 49 3 
197 12 13 208 129 
198 13 14 206 208 
199 208 206 98 207 
200 129 208 207 77 
201 14 15 211 206 
202 15 16 209 211 
203 211 209 96 210 
204 206 211 210 98 
205 98 210 215 214 
206 210 96 212 215 
207 215 212 72 213 
208 214 215 213 97 
209 77 207 217 132 
210 207 98 214 217 
211 217 214 97 216 
212 132 217 216 66 
213 16 17 220 209 
214 17 18 218 220 
215 220 218 100 219 
216 209 220 219 96 
217 18 19 222 218 
218 19 1 20 222 
219 222 20 21 221 
220 218 222 221 100 
221 100 221 225 224 
222 221 21 22 225 
223 225 22 23 223 
224 224 225 223 99 
225 96 219 227 212 
226 219 100 224 227 
227 227 224 99 226 
228 212 227 226 72 
229 72 226 231 230 
230 226 99 228 231 
231 231 228 103 229 
232 230 231 229 102 
233 99 223 233 228 
234 223 23 24 233 
235 233 24 25 232 
236 228 233 232 103 
237 103 232 236 235 
238 232 25 26 236 
239 236 26 27 234 
240 235 236 234 101 
241 102 229 239 238 
242 229 103 235 239 
243 239 235 101 237 
244 238 239 237 71 
245 66 216 242 142 
246 216 97 240 242 
247 242 240 105 241 
248 142 242 241 80 
249 97 213 244 240 
250 213 72 230 244 
251 244 230 102 243 
252 240 244 243 105 
253 105 243 247 246 
254 243 102 238 247 
255 247 238 71 245 
256 246 247 245 104 
257 80 241 249 145 
258 241 105 246 249 
259 249 246 104 248 
260 145 249 248 65 
261 65 248 252 177 
262 248 104 250 252 
263 252 250 108 251 
264 177 252 251 89 
265 104 245 255 250 
266 245 71 253 255 
267 255 253 106 254 
268 250 255 254 108 
269 108 254 259 258 
270 254 106 256 259 
271 259 256 73 257 
272 258 259 257 107 
273 89 251 261 180 
274 251 108 258 261 
275 261 258 107 260 
276 180 261 260 69 
277 71 237 264 253 
278 237 101 262 264 
279 264 262 110 263 
280 253 264 263 106 
281 101 234 266 262 
282 234 27 28 266 
283 266 28 29 265 
284 262 266 265 110 
285 110 265 269 268 
286 265 29 30 269 
287 269 30 31 267 
288 268 269 267 109 
289 106 263 271 256 
290 263 110 268 271 
291 271 268 109 270 
292 256 271 270 73 
293 73 270 275 274 
294 270 109 272 275 
295 275 272 112 273 
296 274 275 273 111 
297 109 267 277 272 
298 267 31 32 277 
299 277 32 33 276 
300 272 277 276 112 
301 112 276 279 278 
302 276 33 34 279 
303 279 34 2 35 
304 278 279 35 36 
305 111 273 281 280 
306 273 112 278 281 
307 281 278 36 37 
308 280 281 37 38 
309 69 260 284 190 
310 260 107 282 284 
311 284 282 113 283 
312 190 284 283 92 
313 107 257 286 282 
314 257 73 274 286 
315 286 274 111 285 
316 282 286 285 113 
317 113 285 288 287 
318 285 111 280 288 
319 288 280 38 39 
320 287 288 39 40 
321 92 283 289 193 
322 283 113 287 289 
323 289 287 40 41 
324 193 289 41 42 
$EndElements
